  Atom           S          P          D        Total
      1    H  0.8483429  0.0000000  0.0000000  0.8483429
      2    C  3.2094915  2.9953145  0.0207814  6.2255874
      3    H  0.8473865  0.0000000  0.0000000  0.8473865
      4    H  0.8483619  0.0000000  0.0000000  0.8483619
      5    C  3.2098904  2.9970736  0.0208316  6.2277956
      6    C  3.2285044  3.0437679  0.0179531  6.2902253
      7    H  0.8109594  0.0000000  0.0000000  0.8109594
      8    C  3.0605343  2.5781255  0.0319654  5.6706252
      9    C  3.2545452  3.1088830  0.0344621  6.3978903
     10    H  0.8071322  0.0000000  0.0000000  0.8071322
     11    C  3.0646320  2.5767369  0.0297776  5.6711466
     12    C  3.0594100  2.5774706  0.0319823  5.6688629
     13    N  3.7749148  3.9172123 -0.0052009  7.6869261
     14    C  3.2503217  3.1065415  0.0343416  6.3912048
     15    H  0.8471446  0.0000000  0.0000000  0.8471446
     16    H  0.8079360  0.0000000  0.0000000  0.8079360
     17    C  3.2241765  3.0448739  0.0181278  6.2871782
     18    N  3.7891479  3.8139597 -0.0040676  7.5990400
     19    H  0.8111323  0.0000000  0.0000000  0.8111323
     20    C  3.0852394  2.6043978  0.0316789  5.7213161
     21   Mg  4.4471270  6.5205680  0.2051127 11.1728077
     22    C  3.0623490  2.5869844  0.0297668  5.6791002
     23    N  3.7789139  3.8143660 -0.0039224  7.5893574
     24    C  3.1502302  2.8015466  0.0154258  5.9672026
     25    C  3.2567374  3.1009563  0.0343430  6.3920367
     26    H  0.8085494  0.0000000  0.0000000  0.8085494
     27    H  0.8159819  0.0000000  0.0000000  0.8159819
     28    N  3.7978507  3.9367822 -0.0047921  7.7298407
     29    C  3.0807547  2.5759718  0.0363868  5.6931134
     30    C  3.2868933  3.1613376  0.0346599  6.4828907
     31    H  0.7976717  0.0000000  0.0000000  0.7976717
     32    H  0.7994727  0.0000000  0.0000000  0.7994727
     33    C  3.0715912  2.5654085  0.0313255  5.6683252
     34    C  3.2600781  3.1042659  0.0342884  6.3986324
     35    C  3.0680793  2.5707843  0.0336381  5.6725017
     36    C  3.2243555  3.0610486  0.0173646  6.3027687
     37    C  3.1679536  2.7629624  0.0168360  5.9477520
     38    H  0.8141457  0.0000000  0.0000000  0.8141457
     39    C  3.1342202  2.4301732  0.0565221  5.6209155
     40    H  0.8079039  0.0000000  0.0000000  0.8079039
     41    C  3.2676851  2.9998077  0.0227746  6.2902675
     42    O  3.9226545  4.4965256 -0.0022661  8.4169141
     43    H  0.8427964  0.0000000  0.0000000  0.8427964
     44    H  0.8228576  0.0000000  0.0000000  0.8228576
------------ ---------- ---------- ---------- ----------
  Total                                      196.0000000
