  Atom           S          P          D        Total
      1    H  0.8297254  0.0000000  0.0000000  0.8297254
      2    C  3.2164954  2.9641487  0.0214988  6.2021429
      3    H  0.8447463  0.0000000  0.0000000  0.8447463
      4    H  0.8299743  0.0000000  0.0000000  0.8299743
      5    C  3.2162144  2.9639389  0.0214837  6.2016370
      6    H  0.8108679  0.0000000  0.0000000  0.8108679
      7    C  3.2175451  3.0793160  0.0168535  6.3137146
      8    C  3.0643936  2.5355419  0.0338234  5.6337590
      9    C  3.2611532  3.1125483  0.0341265  6.4078280
     10    H  0.8037774  0.0000000  0.0000000  0.8037774
     11    C  3.0740372  2.5287938  0.0321739  5.6350049
     12    C  3.0658208  2.5345280  0.0337705  5.6341192
     13    N  3.7695207  3.9433184 -0.0047328  7.7081062
     14    C  3.2496400  3.0993048  0.0341550  6.3830998
     15    H  0.8107100  0.0000000  0.0000000  0.8107100
     16    H  0.8447431  0.0000000  0.0000000  0.8447431
     17    N  3.7880960  3.8136702 -0.0041105  7.5976557
     18    C  3.2157298  3.0772618  0.0168221  6.3098137
     19    H  0.8112864  0.0000000  0.0000000  0.8112864
     20    C  3.0813167  2.6554414  0.0294518  5.7662098
     21   Mg  4.4454246  6.5208570  0.1873255 11.1536071
     22    C  3.0752173  2.5426351  0.0322100  5.6500624
     23    C  3.1581597  2.7566507  0.0161134  5.9309238
     24    N  3.7795938  3.8134893 -0.0039956  7.5890876
     25    C  3.2557973  3.1112048  0.0343587  6.4013608
     26    H  0.8041322  0.0000000  0.0000000  0.8041322
     27    H  0.8109092  0.0000000  0.0000000  0.8109092
     28    C  3.2880488  3.1689818  0.0342883  6.4913189
     29    N  3.7938139  3.9403650 -0.0043038  7.7298751
     30    C  3.0733566  2.6117827  0.0353829  5.7205221
     31    H  0.8046639  0.0000000  0.0000000  0.8046639
     32    H  0.8042728  0.0000000  0.0000000  0.8042728
     33    C  3.0646980  2.6066744  0.0290117  5.7003842
     34    C  3.2553613  3.1025152  0.0342899  6.3921664
     35    C  3.0613370  2.6082908  0.0323121  5.7019400
     36    C  3.1647775  2.7888577  0.0166768  5.9703119
     37    C  3.1394550  2.4426253  0.0568275  5.6389079
     38    C  3.2287242  3.0329283  0.0186007  6.2802532
     39    H  0.8123396  0.0000000  0.0000000  0.8123396
     40    H  0.8098653  0.0000000  0.0000000  0.8098653
     41    C  3.2468178  3.0292042  0.0218871  6.2979091
     42    O  3.9195119  4.5248321 -0.0033773  8.4409668
     43    H  0.8454937  0.0000000  0.0000000  0.8454937
     44    H  0.8398046  0.0000000  0.0000000  0.8398046
------------ ---------- ---------- ---------- ----------
  Total                                      196.0000000
