  Atom           S          P          D        Total
      1    H  0.8284221  0.0000000  0.0000000  0.8284221
      2    C  3.2168367  2.9604885  0.0215286  6.1988539
      3    H  0.8437883  0.0000000  0.0000000  0.8437883
      4    H  0.8282713  0.0000000  0.0000000  0.8282713
      5    C  3.2181109  2.9617210  0.0214974  6.2013293
      6    C  3.2157389  3.0829045  0.0169171  6.3155605
      7    H  0.8108634  0.0000000  0.0000000  0.8108634
      8    C  3.0629151  2.5346695  0.0342535  5.6318381
      9    C  3.2624837  3.1084241  0.0343165  6.4052242
     10    H  0.8029698  0.0000000  0.0000000  0.8029698
     11    C  3.0751781  2.5296837  0.0324014  5.6372632
     12    C  3.0630842  2.5332171  0.0344325  5.6307337
     13    N  3.7669887  3.9423191 -0.0045212  7.7047866
     14    C  3.2494548  3.0993287  0.0344609  6.3832443
     15    H  0.8444690  0.0000000  0.0000000  0.8444690
     16    H  0.8077603  0.0000000  0.0000000  0.8077603
     17    C  3.2139981  3.0815495  0.0167615  6.3123091
     18    N  3.7876483  3.8131694 -0.0039708  7.5968469
     19    H  0.8112059  0.0000000  0.0000000  0.8112059
     20    C  3.0784064  2.6586817  0.0293070  5.7663951
     21   Mg  4.4484949  6.5217765  0.2038718 11.1741431
     22    C  3.0758442  2.5383268  0.0324205  5.6465915
     23    N  3.7802862  3.8152566 -0.0040080  7.5915348
     24    C  3.1585713  2.7636948  0.0163621  5.9386282
     25    C  3.2600191  3.1067438  0.0342142  6.4009770
     26    H  0.8050757  0.0000000  0.0000000  0.8050757
     27    H  0.8125280  0.0000000  0.0000000  0.8125280
     28    N  3.8072612  3.9126815 -0.0060119  7.7139308
     29    C  3.0792351  2.6115008  0.0349737  5.7257096
     30    C  3.2828145  3.1708540  0.0345686  6.4882371
     31    H  0.8029981  0.0000000  0.0000000  0.8029981
     32    H  0.8046465  0.0000000  0.0000000  0.8046465
     33    C  3.0619021  2.6020202  0.0289496  5.6928720
     34    C  3.2565570  3.1008043  0.0343131  6.3916744
     35    C  3.0686190  2.6067579  0.0317073  5.7070842
     36    C  3.2275778  3.0321967  0.0186866  6.2784612
     37    C  3.1639222  2.7966750  0.0169414  5.9775385
     38    H  0.8139006  0.0000000  0.0000000  0.8139006
     39    C  3.1383127  2.4446288  0.0568259  5.6397674
     40    H  0.8088877  0.0000000  0.0000000  0.8088877
     41    C  3.2412607  3.0299453  0.0218415  6.2930475
     42    O  3.9201340  4.5264743 -0.0034886  8.4431197
     43    H  0.8451768  0.0000000  0.0000000  0.8451768
     44    H  0.8413347  0.0000000  0.0000000  0.8413347
------------ ---------- ---------- ---------- ----------
  Total                                      196.0000000
