  Atom           S          P          D        Total
      1    H  0.8100731  0.0000000  0.0000000  0.8100731
      2    H  0.8120505  0.0000000  0.0000000  0.8120505
      3    H  0.8112473  0.0000000  0.0000000  0.8112473
      4    C  3.2523090  3.0961266  0.0342905  6.3827261
      5    C  3.2635970  3.1091927  0.0342599  6.4070496
      6    H  0.8016094  0.0000000  0.0000000  0.8016094
      7    H  0.8093450  0.0000000  0.0000000  0.8093450
      8    H  0.8002324  0.0000000  0.0000000  0.8002324
      9    C  3.2848184  3.1670486  0.0344544  6.4863214
     10    C  3.0774865  2.6571511  0.0293306  5.7639682
     11    C  3.0750460  2.5243083  0.0324762  5.6318305
     12    H  0.8443284  0.0000000  0.0000000  0.8443284
     13    C  3.1619282  2.7693580  0.0163561  5.9476422
     14    C  3.2147100  3.0872280  0.0167437  6.3186817
     15    O  3.9214267  4.5305315 -0.0037645  8.4481936
     16    N  3.7860331  3.8122761 -0.0039043  7.5944049
     17    C  3.1416378  2.4481781  0.0565585  5.6463744
     18    C  3.0856515  2.6131577  0.0348445  5.7336536
     19    C  3.0628654  2.5300893  0.0343893  5.6273440
     20    H  0.8276261  0.0000000  0.0000000  0.8276261
     21    C  3.1646100  2.7967713  0.0167853  5.9781666
     22    C  3.2183017  2.9596747  0.0215449  6.1995213
     23   Mg  4.4474604  6.5249380  0.1974448 11.1698431
     24    N  3.7664520  3.9611228 -0.0048868  7.7226879
     25    N  3.8352582  3.8669797 -0.0074702  7.6947677
     26    C  3.2350750  3.0222891  0.0216610  6.2790251
     27    C  3.2168223  2.9601220  0.0215598  6.1985041
     28    C  3.0772999  2.6189595  0.0313976  5.7276570
     29    C  3.0630495  2.5290408  0.0341659  5.6262563
     30    H  0.8420583  0.0000000  0.0000000  0.8420583
     31    H  0.8276875  0.0000000  0.0000000  0.8276875
     32    N  3.7734107  3.8125287 -0.0031900  7.5827494
     33    C  3.2273275  3.0246717  0.0187098  6.2707090
     34    C  3.2157947  3.0800794  0.0168214  6.3126956
     35    C  3.0648961  2.6116302  0.0287802  5.7053066
     36    C  3.0732352  2.5365872  0.0327517  5.6425742
     37    H  0.8440874  0.0000000  0.0000000  0.8440874
     38    H  0.8441979  0.0000000  0.0000000  0.8441979
     39    C  3.2507879  3.1074431  0.0344651  6.3926961
     40    C  3.2578246  3.1123236  0.0342199  6.4043681
     41    H  0.8069545  0.0000000  0.0000000  0.8069545
     42    H  0.8079686  0.0000000  0.0000000  0.8079686
     43    H  0.8102730  0.0000000  0.0000000  0.8102730
     44    H  0.8045421  0.0000000  0.0000000  0.8045421
------------ ---------- ---------- ---------- ----------
  Total                                      196.0000000
