  Atom           S          P          D        Total
      1    H  0.8285081  0.0000000  0.0000000  0.8285081
      2    C  3.2175034  2.9615215  0.0215143  6.2005392
      3    H  0.8443579  0.0000000  0.0000000  0.8443579
      4    H  0.8285384  0.0000000  0.0000000  0.8285384
      5    C  3.2169407  2.9616785  0.0215284  6.2001476
      6    H  0.8060075  0.0000000  0.0000000  0.8060075
      7    C  3.2167025  3.0837093  0.0167941  6.3172059
      8    C  3.0629877  2.5331388  0.0342518  5.6303783
      9    C  3.2611306  3.1133360  0.0340912  6.4085578
     10    H  0.8071777  0.0000000  0.0000000  0.8071777
     11    C  3.0756164  2.5246103  0.0323338  5.6325605
     12    C  3.0635517  2.5315501  0.0341017  5.6292035
     13    N  3.7666181  3.9485074 -0.0045976  7.7105279
     14    C  3.2485715  3.1010573  0.0341082  6.3837370
     15    H  0.8091162  0.0000000  0.0000000  0.8091162
     16    H  0.8444173  0.0000000  0.0000000  0.8444173
     17    N  3.7862405  3.8161884 -0.0040125  7.5984164
     18    C  3.2159561  3.0790464  0.0168344  6.3118370
     19    H  0.8104106  0.0000000  0.0000000  0.8104106
     20    C  3.0786983  2.6574579  0.0293481  5.7655043
     21   Mg  4.4426272  6.5133337  0.2095726 11.1655334
     22    C  3.0738068  2.5389027  0.0324875  5.6451970
     23    C  3.1579367  2.7571680  0.0162531  5.9313578
     24    N  3.7773812  3.8128631 -0.0037806  7.5864637
     25    C  3.2574740  3.1108686  0.0341784  6.4025210
     26    H  0.8095924  0.0000000  0.0000000  0.8095924
     27    H  0.8042077  0.0000000  0.0000000  0.8042077
     28    C  3.2871989  3.1700177  0.0343494  6.4915659
     29    N  3.7923830  3.9431536 -0.0044290  7.7311076
     30    C  3.0728553  2.6064355  0.0352044  5.7144952
     31    H  0.8048259  0.0000000  0.0000000  0.8048259
     32    H  0.8051947  0.0000000  0.0000000  0.8051947
     33    C  3.0628693  2.6070929  0.0287098  5.6986720
     34    C  3.2533139  3.1061132  0.0342762  6.3937033
     35    C  3.0608155  2.6109694  0.0320365  5.7038214
     36    C  3.1646446  2.7914842  0.0167102  5.9728390
     37    C  3.1412816  2.4441333  0.0565544  5.6419692
     38    C  3.2311651  3.0295057  0.0187424  6.2794132
     39    H  0.8108502  0.0000000  0.0000000  0.8108502
     40    H  0.8090267  0.0000000  0.0000000  0.8090267
     41    C  3.2454304  3.0305962  0.0217933  6.2978199
     42    O  3.9217640  4.5288076 -0.0037724  8.4467992
     43    H  0.8450985  0.0000000  0.0000000  0.8450985
     44    H  0.8407761  0.0000000  0.0000000  0.8407761
------------ ---------- ---------- ---------- ----------
  Total                                      196.0000000
