  Atom           S          P          D        Total
      1   Mg  4.4469971  6.5283214  0.1707859 11.1461045
      2    C  3.1585079  2.7573610  0.0161749  5.9320439
      3    C  3.2160414  3.0804083  0.0168553  6.3133050
      4    C  3.2145981  3.0790595  0.0167312  6.3103889
      5    C  3.2293310  3.0332010  0.0186043  6.2811364
      6    N  3.7897804  3.8084951 -0.0043100  7.5939655
      7    C  3.0806228  2.6601214  0.0294685  5.7702127
      8    C  3.2496168  3.0982063  0.0342063  6.3820294
      9    C  3.2614554  3.1115682  0.0341877  6.4072113
     10    C  3.0740940  2.5285903  0.0324176  5.6351019
     11    H  0.8027375  0.0000000  0.0000000  0.8027375
     12    H  0.8110691  0.0000000  0.0000000  0.8110691
     13    N  3.7714238  3.9419808 -0.0050079  7.7083968
     14    C  3.0668407  2.5370403  0.0338649  5.6377459
     15    C  3.2159882  2.9623737  0.0215428  6.1999046
     16    C  3.2162614  2.9634026  0.0215236  6.2011876
     17    C  3.0670740  2.5344356  0.0339567  5.6354663
     18    H  0.8292061  0.0000000  0.0000000  0.8292061
     19    H  0.8294638  0.0000000  0.0000000  0.8294638
     20    N  3.7780726  3.8162745 -0.0039508  7.5903964
     21    C  3.0733228  2.5386471  0.0323497  5.6443196
     22    C  3.2597338  3.1085502  0.0341773  6.4024614
     23    C  3.2557854  3.1007145  0.0342918  6.3907918
     24    C  3.0635910  2.6053202  0.0289827  5.6978939
     25    H  0.8030749  0.0000000  0.0000000  0.8030749
     26    H  0.8117094  0.0000000  0.0000000  0.8117094
     27    N  3.7991077  3.9343799 -0.0047763  7.7287113
     28    C  3.0627767  2.6127433  0.0323057  5.7078257
     29    C  3.2449586  3.0288655  0.0218497  6.2956738
     30    C  3.1645193  2.7890270  0.0167227  5.9702689
     31    C  3.0732956  2.6124616  0.0353636  5.7211208
     32    H  0.8405387  0.0000000  0.0000000  0.8405387
     33    C  3.1406323  2.4439656  0.0565831  5.6411810
     34    O  3.9211909  4.5268395 -0.0036233  8.4444071
     35    C  3.2868924  3.1688060  0.0343290  6.4900274
     36    H  0.8044810  0.0000000  0.0000000  0.8044810
     37    H  0.8447486  0.0000000  0.0000000  0.8447486
     38    H  0.8453906  0.0000000  0.0000000  0.8453906
     39    H  0.8453884  0.0000000  0.0000000  0.8453884
     40    H  0.8111431  0.0000000  0.0000000  0.8111431
     41    H  0.8116286  0.0000000  0.0000000  0.8116286
     42    H  0.8133061  0.0000000  0.0000000  0.8133061
     43    H  0.8123847  0.0000000  0.0000000  0.8123847
     44    H  0.8044497  0.0000000  0.0000000  0.8044497
------------ ---------- ---------- ---------- ----------
  Total                                      196.0000000
