  Atom           S          P          D        Total
      1    H  0.8272885  0.0000000  0.0000000  0.8272885
      2    C  3.2177043  2.9582107  0.0215924  6.1975074
      3    H  0.8440710  0.0000000  0.0000000  0.8440710
      4    H  0.8273102  0.0000000  0.0000000  0.8273102
      5    C  3.2174582  2.9588906  0.0215721  6.1979208
      6    H  0.8109474  0.0000000  0.0000000  0.8109474
      7    C  3.2162130  3.0851943  0.0167291  6.3181365
      8    C  3.0636678  2.5310194  0.0344257  5.6291129
      9    C  3.2626837  3.1104849  0.0342095  6.4073780
     10    H  0.8017256  0.0000000  0.0000000  0.8017256
     11    C  3.0750893  2.5242057  0.0326722  5.6319672
     12    C  3.0643339  2.5285928  0.0344285  5.6273551
     13    N  3.7692033  3.9514815 -0.0047637  7.7159212
     14    C  3.2504270  3.0982030  0.0343094  6.3829394
     15    H  0.8097626  0.0000000  0.0000000  0.8097626
     16    H  0.8446888  0.0000000  0.0000000  0.8446888
     17    N  3.7868694  3.8087894 -0.0037997  7.5918591
     18    C  3.2146573  3.0845757  0.0166448  6.3158778
     19    H  0.8102534  0.0000000  0.0000000  0.8102534
     20    C  3.0776142  2.6630786  0.0294025  5.7700953
     21   Mg  4.4509289  6.5305793  0.1875867 11.1690949
     22    C  3.0749564  2.5333298  0.0327529  5.6410391
     23    C  3.1614896  2.7641489  0.0163608  5.9419992
     24    N  3.7784618  3.8112693 -0.0036020  7.5861291
     25    C  3.2606646  3.1068581  0.0342899  6.4018125
     26    H  0.8017225  0.0000000  0.0000000  0.8017225
     27    H  0.8131553  0.0000000  0.0000000  0.8131553
     28    C  3.2819534  3.1707312  0.0346156  6.4873003
     29    N  3.8443635  3.8568735 -0.0079434  7.6932935
     30    C  3.0878143  2.6159218  0.0347303  5.7384665
     31    H  0.8087169  0.0000000  0.0000000  0.8087169
     32    H  0.7986746  0.0000000  0.0000000  0.7986746
     33    C  3.0634789  2.6083964  0.0288258  5.7007011
     34    C  3.2569278  3.0998555  0.0345047  6.3912880
     35    C  3.0779110  2.6208368  0.0314688  5.7302166
     36    C  3.1700998  2.7979025  0.0164562  5.9844585
     37    C  3.1388703  2.4462045  0.0566557  5.6417305
     38    C  3.2260595  3.0254617  0.0188189  6.2703401
     39    H  0.8129062  0.0000000  0.0000000  0.8129062
     40    H  0.8099034  0.0000000  0.0000000  0.8099034
     41    C  3.2368840  3.0233198  0.0212372  6.2814410
     42    O  3.9207563  4.5300389 -0.0037205  8.4470747
     43    H  0.8442547  0.0000000  0.0000000  0.8442547
     44    H  0.8421625  0.0000000  0.0000000  0.8421625
------------ ---------- ---------- ---------- ----------
  Total                                      196.0000000
