  Atom           S          P          D        Total
      1    H  0.8517233  0.0000000  0.0000000  0.8517233
      2    C  3.2128351  3.0008446  0.0202669  6.2339466
      3    H  0.8472157  0.0000000  0.0000000  0.8472157
      4    H  0.8519133  0.0000000  0.0000000  0.8519133
      5    C  3.2135106  3.0013883  0.0202176  6.2351165
      6    H  0.8087645  0.0000000  0.0000000  0.8087645
      7    C  3.2298494  3.0397233  0.0183604  6.2879332
      8    C  3.0536295  2.5898601  0.0321527  5.6756423
      9    C  3.2544884  3.1083369  0.0342994  6.3971246
     10    H  0.8112807  0.0000000  0.0000000  0.8112807
     11    C  3.0651219  2.5841884  0.0290480  5.6783583
     12    C  3.0539550  2.5877901  0.0321413  5.6738864
     13    N  3.7686097  3.9248585 -0.0041768  7.6892913
     14    C  3.2509055  3.1064943  0.0341728  6.3915727
     15    H  0.8088581  0.0000000  0.0000000  0.8088581
     16    H  0.8474335  0.0000000  0.0000000  0.8474335
     17    N  3.7940647  3.8087134 -0.0043349  7.5984432
     18    C  3.2263738  3.0361164  0.0183945  6.2808847
     19    H  0.8090647  0.0000000  0.0000000  0.8090647
     20    C  3.0854951  2.5939684  0.0319226  5.7113861
     21   Mg  4.4451998  6.5205604  0.1913530 11.1571132
     22    C  3.0609350  2.5952576  0.0294820  5.6856747
     23    C  3.1475365  2.8060683  0.0154861  5.9690909
     24    N  3.7764756  3.8150357 -0.0037015  7.5878098
     25    C  3.2529492  3.1054960  0.0341800  6.3926252
     26    H  0.8131246  0.0000000  0.0000000  0.8131246
     27    H  0.8102923  0.0000000  0.0000000  0.8102923
     28    C  3.2869800  3.1623437  0.0348382  6.4841619
     29    N  3.7955790  3.9501145 -0.0049212  7.7407724
     30    C  3.0807215  2.5672802  0.0365855  5.6845872
     31    H  0.7996380  0.0000000  0.0000000  0.7996380
     32    H  0.7976707  0.0000000  0.0000000  0.7976707
     33    C  3.0720978  2.5593884  0.0316190  5.6631053
     34    C  3.2574523  3.1102599  0.0341059  6.4018181
     35    C  3.0686038  2.5656512  0.0338603  5.6681154
     36    C  3.1673184  2.7604810  0.0169824  5.9447818
     37    C  3.1338850  2.4288078  0.0564778  5.6191706
     38    C  3.2241848  3.0643968  0.0172185  6.3058001
     39    H  0.8095155  0.0000000  0.0000000  0.8095155
     40    H  0.8097130  0.0000000  0.0000000  0.8097130
     41    C  3.2701827  2.9947653  0.0229551  6.2879030
     42    O  3.9232532  4.4935309 -0.0021036  8.4146804
     43    H  0.8426206  0.0000000  0.0000000  0.8426206
     44    H  0.8203758  0.0000000  0.0000000  0.8203758
------------ ---------- ---------- ---------- ----------
  Total                                      196.0000000
